% # columns="iteration, evaluation, sigma, axis ratio, bestever, best, median, worst objective function value, further objective values of best", seed=836855, Thu Mar 25 11:23:16 2021, <python>{}</python>
1 12 0.4594206352002935 1.00004687609865 7638.9521364792345 7.6389521364792345e+03 7728.827693940335 7964.800712253364   
2 24 0.44861876178096394 1.1247042038192983 7580.07691242644 7.5800769124264398e+03 7689.050761937542 7778.4762663170195   
3 36 0.44853746456489746 1.219082250651473 7461.081893601743 7.4610818936017431e+03 7619.849236685371 7733.2858127597365   
4 48 0.45569738873284227 1.2602865160816805 7399.5535418404315 7.3995535418404315e+03 7547.9098045337705 7682.861325199532   
5 60 0.4925227008607572 1.287062544285189 7331.1032158129 7.3311032158129001e+03 7434.061139010037 7589.187294719332   
6 72 0.5387164853227397 1.3743856756581145 7218.638756613167 7.2186387566131671e+03 7362.3690538580195 7546.801768790079   
7 84 0.5890570119267904 1.4457562272334852 7100.767483461697 7.1007674834616973e+03 7263.877379300333 7378.2295446395665   
8 96 0.6573373642999243 1.5932518812392762 7026.286403341504 7.0262864033415044e+03 7186.475522601764 7471.073194253199   
9 108 0.7345626866223757 1.6419292796311609 6882.263307591382 6.8822633075913818e+03 7113.340862307234 7404.293493306426   
10 120 0.8281723399992477 1.6360688523665843 6733.227320066491 6.7332273200664913e+03 6952.554133957705 7200.084858245749   
11 132 0.9177416928378785 1.6849875686230131 6348.1058363405855 6.3481058363405855e+03 6884.533582549442 7123.991902882021   
12 144 1.067657025341 1.7430390714013035 6120.633753440811 6.1206337534408112e+03 6465.942184759397 7126.761772819081   
13 156 1.2452878656765838 1.7736914026548622 5951.364600152879 5.9513646001528787e+03 6241.19790295647 6622.90972880604   
14 168 1.4897013006273652 1.810064036310108 5652.373031741776 5.6523730317417758e+03 6102.2583654566715 6451.266806520218   
15 180 1.8269636056730925 1.8336821137512498 5163.803318809111 5.1638033188091113e+03 5916.5856865961105 6762.558928620355   
16 192 2.2223827582572966 1.8770307452048616 4795.551672212096 4.7955516722120956e+03 5402.730645792734 5549.420939558813   
17 204 2.6324867437086925 1.8855664621910393 4779.985988364249 4.7799859883642494e+03 5056.701966099854 5523.819669082496   
18 216 3.0554494305450475 1.8753064583462888 3749.5774200001406 3.7495774200001406e+03 4922.611678539304 5919.990759841222   
19 228 3.6083116427207873 1.8975072737611738 3200.4578103945923 3.2004578103945923e+03 3942.2430072770817 5207.276272495921   
20 240 4.324190466080722 1.9234416061847566 2594.0256869540235 2.5940256869540235e+03 3355.8354592296832 4165.105958537947   
21 252 5.186208111257344 1.9734895065553806 2269.3409051669396 2.2693409051669396e+03 2956.4807439160013 4172.070088313865   
22 264 5.8194076952179685 1.9541198222580352 1911.7005052959014 1.9117005052959014e+03 2886.276150796044 4431.535706293162   
23 276 6.610421525272813 1.9608581320627085 1534.086285285317 1.5340862852853170e+03 2472.0073029784926 3528.5809079537757   
24 288 7.491697943755724 1.947254688062472 1394.8185168214623 1.3948185168214623e+03 2093.109645655112 3403.7083124479886   
25 300 8.226855184307281 1.9532351539002673 1070.2864737144796 1.0702864737144796e+03 1724.373106061989 2511.9239530863056   
26 312 8.51935543641851 1.9437971429080076 902.0708980657776 9.0207089806577756e+02 1596.404227222983 2299.0191868293336   
27 324 8.989048911443025 2.0076049479376823 902.0708980657776 1.3033144496242871e+03 1880.8099978014288 2148.8499973906887   
28 336 9.07243744224933 2.021118809481085 902.0708980657776 9.5511541073357421e+02 2197.317929776616 3283.113550724624   
29 348 9.013179504950244 1.98594691378915 902.0708980657776 9.6544026171887776e+02 2165.6975556966077 2866.152917533328   
30 360 8.94019480633838 1.9889514690836116 902.0708980657776 1.1081728061878921e+03 1763.5833960011494 3150.0650436443807   
31 372 8.360856873928032 1.982608526519617 693.4633300508774 6.9346333005087740e+02 1663.8444800678885 2212.558814787414   
32 384 8.016366405385538 1.9886233531729074 587.2969746685332 5.8729697466853315e+02 1423.0256772565338 2483.144380438225   
33 396 7.817435281256121 1.9830398990107414 587.2969746685332 6.8210666116268283e+02 1279.206802905092 1587.8060933174845   
34 408 7.558359535668529 1.955536222105113 587.2969746685332 6.0090602214957380e+02 1356.7909015616785 2075.4433326279177   
35 420 7.618772285432743 1.9467165298641544 587.2969746685332 6.0241248653517857e+02 1016.5725481081549 1521.6781268263592   
36 432 7.343698748393134 1.9316353412145646 358.263355239044 3.5826335523904402e+02 971.1727098120433 1887.0638314430053   
37 444 6.732947778578585 1.9524817060162454 358.263355239044 3.6366435272905233e+02 1002.3964695384891 2053.4118999312773   
38 456 6.444008585381018 1.9676968828836372 358.263355239044 6.3183568890694505e+02 796.2782029923005 1386.7501974708234   
39 468 5.938309140462072 1.9420009196056354 358.263355239044 5.5627111598624367e+02 981.428247616119 1512.6460072806408   
40 480 5.365006070086175 1.9038301029973543 358.263355239044 3.7638418834220624e+02 863.3106414232018 1643.9628668673515   
41 492 5.077371298510714 1.8709158433202695 288.9873194691933 2.8898731946919332e+02 723.1329295349196 1143.1310406450996   
42 504 4.772850158448388 1.8552493657068057 288.9873194691933 2.9371389383792905e+02 529.2831374350145 767.1678627147464   
43 516 4.2895749135466374 1.8698873358559316 265.2696304235044 2.6526963042350440e+02 469.63592931864565 643.6012331314124   
44 528 3.996554434946317 1.8153729671772096 154.59350105546375 1.5459350105546375e+02 404.59238813404306 659.5472162795285   
45 540 3.904044960227996 1.8153276013009478 148.12924061992004 1.4812924061992004e+02 309.11223502375634 556.7665291992304   
46 552 3.8126400922702026 1.8271425941814452 148.12924061992004 1.5285137628139535e+02 304.45972463888586 458.1642426046724   
47 564 3.633528225767507 1.807197154298648 148.12924061992004 1.5177682282822039e+02 313.1919466374578 421.8557666164058   
48 576 3.445036363753189 1.8031182236682277 93.1942199236826 9.3194219923682596e+01 279.5738291021827 435.80210127220516   
49 588 3.3440197875265274 1.7845087335126033 93.1942199236826 1.2580259215688177e+02 180.24015246573828 327.531885897391   
50 600 3.2448547955905185 1.8081303052519953 57.85451719066723 5.7854517190667231e+01 165.12721812297625 261.2185480236534   
51 612 3.0517230242702573 1.8429725546407918 57.85451719066723 9.6219528791486411e+01 174.92117622266693 226.88748602317452   
52 624 2.93331043022434 1.8392506538298383 57.85451719066723 6.0367836397513230e+01 118.61548651248113 185.4597849839077   
53 636 2.7441874701984488 1.8498046977571474 57.85451719066723 8.5196039211660349e+01 152.93566730077805 276.6576763335815   
54 648 2.588569948788786 1.855534599307226 57.85451719066723 7.3905632669633405e+01 136.81187326461549 271.7384620965516   
55 660 2.492820782372597 1.8594944051054239 57.85451719066723 6.7066730980856164e+01 116.66268152701741 177.26818047650346   
56 672 2.408015228696882 1.8483608613594713 57.85451719066723 7.3240724453186459e+01 121.04941406513554 179.73920156717543   
57 684 2.2042560177043575 1.8432140250040658 47.043793845584105 4.7043793845584105e+01 105.53512727314994 167.3360187494964   
58 696 1.9991721773040516 1.8376884896960481 47.043793845584105 5.2016268953371771e+01 66.64998736850387 103.96611974430284   
59 708 1.880547186849298 1.8555220821183112 40.70156850730899 4.0701568507308991e+01 59.859285596650864 87.29490079685178   
60 720 1.7861330411400176 1.8747294605771037 33.188661059336056 3.3188661059336056e+01 53.97053024990811 134.72832045748115   
61 732 1.6952380737381425 1.8313465408187115 33.188661059336056 4.0282277085797844e+01 58.18394752080467 76.31098159053944   
62 744 1.5672793453092964 1.829233419662515 27.38144969680865 2.7381449696808652e+01 61.7840877283195 91.95966368705588   
63 756 1.4719522212335057 1.855091641761952 27.2548539119617 2.7254853911961700e+01 38.85665200891653 66.66842187361051   
64 768 1.3885901783682215 1.86493707990176 22.045802189540076 2.2045802189540076e+01 41.03079420972378 54.37690056326149   
65 780 1.2818997926142706 1.861722858296303 10.19226569993852 1.0192265699938520e+01 31.09375635013882 50.474969749768846   
66 792 1.1805051832093116 1.848888807396813 10.19226569993852 1.8082190880973631e+01 22.73250114706142 31.6076537692516   
67 804 1.0958837991446218 1.8491440888191917 10.19226569993852 1.3835749676657269e+01 24.898713077844647 31.723858904241077   
68 816 1.0160130531928695 1.85469978945262 10.19226569993852 1.3791921101977209e+01 20.815160659068667 42.26031550818556   
69 828 0.9583137414899712 1.8598947943250685 10.19226569993852 1.3491683828264302e+01 19.89967015287791 30.731552133017324   
70 840 0.9508521775224398 1.9216048379443538 7.500659939297319 7.5006599392973188e+00 18.289346648035895 28.99580417062283   
71 852 0.9410655309851425 1.9124098158611054 7.500659939297319 8.2190725520039525e+00 19.806342561490645 26.678646655996417   
72 864 0.9121757005248937 1.9023280365884379 7.433257637239501 7.4332576372395014e+00 14.8261738376283 23.76068797842886   
73 876 0.860807426805173 1.923762984510308 5.226103076893889 5.2261030768938888e+00 13.255694147102911 24.717886267143456   
74 888 0.8273090155258421 1.9052134513685755 5.226103076893889 9.7967813056538304e+00 12.806040925518298 23.74367415323587   
75 900 0.7951996168744327 1.9427820876730806 5.226103076893889 6.6491927446812769e+00 11.866698382613368 19.377787339258575   
76 912 0.7807673078284856 1.9102479228006866 5.226103076893889 6.2749981931600587e+00 8.33540104710917 11.706363198477787   
77 924 0.759447132589698 1.9640425215457051 4.215881969283817 4.2158819692838172e+00 8.572864598557203 12.078360697702974   
78 936 0.7309994360822724 1.971756031735505 4.054265883665952 4.0542658836659520e+00 7.9478443170288084 13.704917220499185   
79 948 0.6832571226574988 1.9521910518765582 2.6972642221295975 2.6972642221295975e+00 5.818985809363546 14.822855515943834   
80 960 0.6651851328200821 1.948276621998138 2.6972642221295975 3.3581217810155324e+00 6.074253386889821 11.71091803759305   
81 972 0.6023252563030532 1.9491616879137887 2.4632258816471526 2.4632258816471526e+00 5.319995477156989 11.383491596841521   
82 984 0.5390504376633903 1.9182895735519285 2.4632258816471526 2.5981896718368027e+00 5.2399738526919695 6.51822670180335   
83 996 0.5058515800154305 1.9460732941482637 2.4632258816471526 2.6930936120517952e+00 4.098169352868832 5.752202707343679   
84 1008 0.46993501490118345 1.8744132068655883 1.7149770868881549 1.7149770868881549e+00 3.056108463608696 5.78303384712198   
85 1020 0.44011450217800957 1.8610387777905766 1.7149770868881549 1.7374191091219349e+00 3.1397891467829493 4.088513034433666   
86 1032 0.4092813176618452 1.852837798169697 1.7149770868881549 1.7852501147973934e+00 3.254011795439749 4.286452982387394   
87 1044 0.37688820351954133 1.8329402971807074 1.0420875451588567 1.0420875451588567e+00 1.9768841208993149 3.5319896670267354   
88 1056 0.35620214284868074 1.7789933247969438 0.7564327781129063 7.5643277811290632e-01 2.0403324262554894 3.431599897844741   
89 1068 0.33610510700839474 1.7617440687164219 0.7564327781129063 7.9040059387285222e-01 1.8925841894996724 2.3945143266791535   
90 1080 0.3258822893466741 1.7800284042334413 0.7564327781129063 9.0699652880264936e-01 1.256686771555966 2.0699237034203173   
91 1092 0.3020579310306328 1.8127824678686246 0.4615874674663508 4.6158746746635082e-01 1.1972794721764433 1.6193885382318118   
92 1104 0.2967135261852292 1.8265626324906736 0.4615874674663508 6.9027514490004516e-01 1.4125319627056196 1.9792894772138174   
93 1116 0.289906945325643 1.8100337785660676 0.44752854484633325 4.4752854484633325e-01 1.0365394303975957 2.0376909489942534   
94 1128 0.2709396243620106 1.8442259422679177 0.44752854484633325 4.5022062798516455e-01 1.117424712474023 1.397995888378761   
95 1140 0.26419972859945046 1.8733051271381176 0.44752854484633325 6.6866464526892877e-01 1.023220047503151 1.2996334858799734   
96 1152 0.24553002143077118 1.8424937134217672 0.28785315174432813 2.8785315174432813e-01 0.8557426161266872 1.17111334254586   
97 1164 0.2268083609525806 1.8468816163108743 0.28785315174432813 3.5013308337277954e-01 0.738279749767523 1.186314328213484   
98 1176 0.20831640311304264 1.8707253014504006 0.28785315174432813 3.8570172995677676e-01 0.6088649485476332 0.9693954300669497   
99 1188 0.194398382524312 1.8716448241782018 0.26242883277056006 2.6242883277056006e-01 0.4895945007826418 0.7290559004649397   
100 1200 0.18196308320470458 1.8319792126040364 0.26242883277056006 3.5987922758379770e-01 0.5005101181784681 0.7836720601080839   
101 1212 0.1698053349210661 1.824295734392697 0.26242883277056006 2.9524081564142435e-01 0.47640281156081715 1.162555844309395   
102 1224 0.16289259726021826 1.837689621660347 0.23161971009694698 2.3161971009694698e-01 0.38725317361382255 0.5784539228869183   
103 1236 0.15406381774645214 1.835429064442741 0.23161971009694698 2.4870117693359403e-01 0.389604518279221 0.5604068714555306   
104 1248 0.141874132789269 1.8478293911649044 0.2007869380356643 2.0078693803566430e-01 0.3940518057790993 0.5314548395691107   
105 1260 0.1332489646758693 1.7858435897012164 0.16596615979199597 1.6596615979199597e-01 0.29156462227132907 0.44811081352078935   
106 1272 0.12385087823572975 1.759859476366385 0.16596615979199597 1.7761751398339443e-01 0.25672733379749724 0.4197111278694259   
107 1284 0.12326189820873765 1.787680032411814 0.069350189950821 6.9350189950820998e-02 0.23452199795718026 0.2658418985039914   
108 1296 0.11879411739444189 1.777587456976152 0.069350189950821 9.2684854089229649e-02 0.16134586278080978 0.21896538285650774   
109 1308 0.11160990360378716 1.7835571930652372 0.069350189950821 1.0424875263337699e-01 0.18192069855697193 0.2897349964240328   
110 1320 0.10437371774628813 1.771332461959853 0.069350189950821 7.5836742724617656e-02 0.15580054697500173 0.2539446984819696   
111 1332 0.1048947818216583 1.7765224832417637 0.069350189950821 8.9595622923256540e-02 0.15342418619132714 0.2362468090346647   
112 1344 0.10220276425903885 1.7783053930291408 0.069350189950821 7.8449510049028559e-02 0.1478005575105878 0.3102550551131335   
113 1356 0.0963800636598905 1.7717706334010304 0.039269330673907775 3.9269330673907775e-02 0.16362171096257305 0.20131340144680396   
114 1368 0.0911160931648884 1.8456102950690785 0.039269330673907775 5.6231937956393065e-02 0.08302234864977728 0.19658803052169213   
115 1380 0.0870246174685767 1.8733248079643294 0.039269330673907775 5.1195352610901738e-02 0.09141929019110781 0.17315853965275016   
116 1392 0.08567495698789247 1.8662161934780621 0.039269330673907775 4.3956468085490419e-02 0.05960713380331081 0.11865970002727458   
117 1404 0.08361561549566708 1.8779951485040622 0.03218382358999534 3.2183823589995338e-02 0.08522536472288035 0.13003916337129376   
118 1416 0.07765164865589176 1.8653449159355957 0.03218382358999534 3.3355116293861981e-02 0.06482907160856405 0.1175177910892387   
119 1428 0.07445116138325543 1.8459500420847612 0.027058338314744752 2.7058338314744752e-02 0.0546171124752666 0.09044553193933008   
120 1440 0.07159895611425249 1.8655380924037333 0.027058338314744752 3.8816223310754461e-02 0.06418042363991572 0.10473629315083834   
121 1452 0.06526536083867153 1.8698048023756682 0.022330867835615515 2.2330867835615515e-02 0.06240180455379635 0.12940927627724697   
122 1464 0.05847305381743263 1.8736754871016807 0.0156524075610876 1.5652407561087600e-02 0.035887243182409295 0.05067994866986416   
123 1476 0.056042303427767934 1.8828692406770013 0.0156524075610876 2.1780980650928872e-02 0.03268299626538989 0.06099595255127302   
124 1488 0.05350127695996715 1.8498878850472538 0.0156524075610876 2.2259364202902227e-02 0.032224063975558194 0.047886593864637755   
125 1500 0.051489270436561534 1.8676977300243087 0.0156524075610876 1.8107687572690209e-02 0.041768528761100515 0.06475438628400555   
126 1512 0.04962652632770752 1.8615486159655368 0.0156524075610876 1.6399036902177522e-02 0.028374124575398455 0.03592124609103929   
127 1524 0.04638376938631187 1.8782442631116685 0.014625587118999132 1.4625587118999132e-02 0.02614256162880549 0.05105554016940605   
128 1536 0.043385872583204456 1.8590787268954574 0.009316000207708622 9.3160002077086225e-03 0.017603575595331086 0.03315947291653704   
129 1548 0.040683593766155664 1.8714342434122202 0.009316000207708622 1.3169132880304820e-02 0.021323830270177035 0.03187858871337654   
130 1560 0.03861711952504039 1.865891083364711 0.008691444544366276 8.6914445443662756e-03 0.014154468222341402 0.025455435144100567   
131 1572 0.03628605867737661 1.8688315384578094 0.006023433359171164 6.0234333591711641e-03 0.011587193383366858 0.023491512729298353   
132 1584 0.03352049427300198 1.9056033123299991 0.004777756040121449 4.7777560401214489e-03 0.010129424228531329 0.020472469816869086   
133 1596 0.030401795373544104 1.935320611800937 0.0041014337234957406 4.1014337234957406e-03 0.010344303082799409 0.01642348940272658   
134 1608 0.02805273407521224 1.9141563400055377 0.0041014337234957406 4.9409576421684019e-03 0.007793902298103391 0.01794553003098922   
135 1620 0.02498644636245231 1.918451797014559 0.0033862723900176042 3.3862723900176042e-03 0.007127242944131164 0.011595939225381508   
136 1632 0.023804343079203562 1.903217709772427 0.0028879528893290696 2.8879528893290696e-03 0.0059863849352990795 0.009308697461342118   
137 1644 0.023080135396865275 1.9009989171446333 0.002312660053693133 2.3126600536931331e-03 0.004010482858766328 0.006760267201689242   
138 1656 0.021517357967175136 1.9198670547453047 0.002312660053693133 2.6300296827566844e-03 0.005799346306557247 0.007749423227456221   
139 1668 0.019973732816212935 1.905770391918014 0.002312660053693133 2.5474273380051322e-03 0.003840805761905098 0.00565590524672654   
140 1680 0.01905381783310004 1.9011421566066289 0.0017657102079908892 1.7657102079908892e-03 0.0029614917867811772 0.006297189903117744   
141 1692 0.018425197712771218 1.9264873440296908 0.0017546798438936282 1.7546798438936282e-03 0.003095185563907539 0.005061044770902433   
142 1704 0.017136995936796514 1.9155772646001141 0.0014113787353949197 1.4113787353949197e-03 0.0035815078491951346 0.005001399465301303   
143 1716 0.016035314528225993 1.902376403044117 0.0014113787353949197 1.8585600179659152e-03 0.0023675755924175805 0.005611426356619957   
144 1728 0.015042047789395562 1.876223466440355 0.001162257158702104 1.1622571587021041e-03 0.002756598036058173 0.005868780041524897   
145 1740 0.01462580041441271 1.83461571419374 0.0009679507011295037 9.6795070112950371e-04 0.0017729720271661442 0.003945092111712491   
146 1752 0.013796073914886723 1.8341605329746744 0.0007499601900020764 7.4996019000207639e-04 0.0014474176473980454 0.002652801611318428   
147 1764 0.012928953988824795 1.8431198999080272 0.0007016780431079868 7.0167804310798676e-04 0.0011895222205422573 0.002002210872828201   
148 1776 0.012384335562971173 1.8420091922414772 0.0007016780431079868 8.4980038639215401e-04 0.0014072060380840132 0.002781709700835489   
149 1788 0.011311440102693577 1.8265753887380585 0.0006938231413494791 6.9382314134947909e-04 0.0009326992899778205 0.0017715412945956798   
150 1800 0.010522833589163992 1.8297759789909516 0.0006496628482062103 6.4966284820621031e-04 0.0011608118830690453 0.0016557063878605356   
151 1812 0.009738325043372794 1.8313488857463438 0.00042953075528013364 4.2953075528013364e-04 0.0009460492181393555 0.0012323915160759203   
152 1824 0.009459878361491045 1.8233349070898557 0.0003297453870004826 3.2974538700048260e-04 0.000952424709090869 0.0014901972925420873   
153 1836 0.00923387672924974 1.819823962110978 0.0003297453870004826 3.6910182511442713e-04 0.0006569666402540184 0.0008416224242685145   
154 1848 0.009034661126519199 1.8232124104437217 0.0003297453870004826 5.0104428578054416e-04 0.0006483556077554685 0.0010200304455956007   
155 1860 0.008824764377243255 1.8612416227112558 0.0003297453870004826 4.6705881344253784e-04 0.0007174790721631769 0.0013065413349900186   
156 1872 0.008449305817021547 1.8462614447240357 0.0003297453870004826 5.5211264742801561e-04 0.0006990837046755237 0.001068998390179317   
157 1884 0.008001301712321537 1.875244399816441 0.0003297453870004826 4.2526702121770891e-04 0.0007517885519709123 0.0010481280590776605   
158 1896 0.007686769142851397 1.883314375540275 0.0002543113004223131 2.5431130042231312e-04 0.000582748279150958 0.0009125232590871195   
159 1908 0.007377303021405088 1.8782320333113671 0.00020758221527997903 2.0758221527997903e-04 0.0005415179756844389 0.0008016507361864125   
160 1920 0.006966690000541652 1.8887199316437902 0.00017099525603898647 1.7099525603898647e-04 0.0004247754597394789 0.0006828501914686521   
161 1932 0.006440751499855541 1.8872227527867829 0.00013039462116325423 1.3039462116325423e-04 0.0003956149786178769 0.0005044566036686637   
162 1944 0.005818589704718619 1.9099663961699378 0.00013039462116325423 1.5673845423799524e-04 0.0003051215935022142 0.0005127119773916237   
163 1956 0.005287307565929035 1.8878929465645478 0.00012278159434388084 1.2278159434388084e-04 0.00030811442190992324 0.0004460151479857922   
164 1968 0.00506496108829896 1.8938437043836869 9.724876815302903e-05 9.7248768153029033e-05 0.00020001264944157076 0.00032943492830304444   
165 1980 0.004871740005555458 1.8982125179906346 8.710181663740003e-05 8.7101816637400028e-05 0.00023247829367409225 0.00044346149453763223   
166 1992 0.004742069396876117 1.9064265333905894 8.710181663740003e-05 9.6429658336021298e-05 0.00018941236305477255 0.0002547770648288789   
167 2004 0.00443321733749619 1.880217369347886 6.28992250499475e-05 6.2899225049947504e-05 0.00020826442088211155 0.0003253774201770843   
168 2016 0.0042436397504106525 1.8661909523325957 4.1910316842022816e-05 4.1910316842022816e-05 0.00012658927607285075 0.0002404002979296696   
169 2028 0.003952725432947511 1.870268591783746 4.1910316842022816e-05 5.3224785554470001e-05 0.00010154427224545749 0.00020449150462592078   
170 2040 0.0036170376163532376 1.8553044168933983 2.6780126628623312e-05 2.6780126628623312e-05 0.0001055172857853602 0.00013734462671475663   
171 2052 0.0034263509529984474 1.8494840726014052 2.6780126628623312e-05 5.4082534980069272e-05 7.654689944931773e-05 0.0001044934620490347   
172 2064 0.0031707897177942735 1.8542281948366204 2.6780126628623312e-05 2.9070562345876666e-05 8.336220822430564e-05 0.0001374446238749869   
173 2076 0.0029238769158073524 1.823197615871518 2.0707801391240356e-05 2.0707801391240356e-05 7.230665920211413e-05 0.00011199922524708998   
174 2088 0.002717411882192565 1.8280531168762484 2.0707801391240356e-05 2.8250142129791598e-05 4.612624602292932e-05 8.68428225073756e-05   
175 2100 0.0026294383393466064 1.8489463590514514 2.0707801391240356e-05 2.6085260577768793e-05 4.794225580766773e-05 7.609957788232137e-05   
176 2112 0.0025114380950192294 1.8354878346345587 2.0707801391240356e-05 2.2145411756074372e-05 4.1080846567035765e-05 5.815870854237529e-05   
177 2124 0.002349643119281305 1.8278523758723753 2.055595708484416e-05 2.0555957084844160e-05 3.8336032970125965e-05 7.489735342033839e-05   
178 2136 0.002183899053983743 1.8404256205441216 9.698358650607305e-06 9.6983586506073047e-06 2.922489420161911e-05 5.122615826238453e-05   
179 2148 0.00204743826496813 1.8466709647469706 8.608063136160816e-06 8.6080631361608159e-06 2.8072990207914177e-05 5.3749720274353246e-05   
180 2160 0.0018872624475323556 1.8560177604664287 8.608063136160816e-06 1.1117342401550888e-05 2.0277704156947248e-05 3.547579664325982e-05   
181 2172 0.0017482542890717712 1.8328924704813838 7.3199315478151305e-06 7.3199315478151305e-06 2.0828592854440512e-05 4.82583759421565e-05   
182 2184 0.0016274689393495515 1.8308467852811998 7.1122618637250855e-06 7.1122618637250855e-06 1.6391127388809356e-05 3.0948738727184834e-05   
183 2196 0.0015412428849321798 1.8537378210456317 6.225489510830206e-06 6.2254895108302060e-06 1.7742794511361328e-05 3.1727688857232184e-05   
184 2208 0.0014164233590295916 1.8557904195345847 6.225489510830206e-06 6.3631589203856452e-06 1.2922844313179365e-05 1.9267814250148708e-05   
185 2220 0.0013292605260144823 1.8652547494564917 6.225489510830206e-06 7.6723891194722213e-06 9.7966519613118e-06 2.0161030890822587e-05   
186 2232 0.0012722638556204142 1.8740143003297134 6.225489510830206e-06 6.9815850025926306e-06 1.1967775259154183e-05 2.1816923005108968e-05   
187 2244 0.0012287754958455563 1.8781725123594113 5.447128869960134e-06 5.4471288699601342e-06 8.323153140229903e-06 1.5375012369622637e-05   
188 2256 0.001188964526419809 1.9148410717847069 5.3880041330752135e-06 5.3880041330752135e-06 9.860632331434635e-06 1.407420679774904e-05   
189 2268 0.0011493059133727015 1.933773138835439 5.277870479883006e-06 5.2778704798830057e-06 7.8947261755039e-06 1.3881394242311194e-05   
190 2280 0.0010972849387153206 1.9234788375106904 3.904432635702154e-06 3.9044326357021541e-06 7.464030454214313e-06 1.121912777322843e-05   
191 2292 0.0010771096964553568 1.8964340631941599 3.904432635702154e-06 4.4763198999953011e-06 1.1289483636296384e-05 1.4009065970242365e-05   
192 2304 0.0009993211026090043 1.8874600550185643 3.895077171097844e-06 3.8950771710978438e-06 7.292172219262206e-06 1.0460369583091319e-05   
193 2316 0.0009182233848114254 1.9011704980976967 2.385319000619149e-06 2.3853190006191491e-06 6.593876902360775e-06 9.10023107489331e-06   
194 2328 0.0008545943262023593 1.878382635416382 2.385319000619149e-06 3.2280973450081074e-06 5.578471051984163e-06 7.448612209354546e-06   
195 2340 0.0007946824462642136 1.8697371556686293 2.385319000619149e-06 2.3959824635922124e-06 4.525668719529471e-06 1.0024713760737184e-05   
196 2352 0.0007426786310198638 1.862773385705994 2.385319000619149e-06 2.7594560423557987e-06 4.036436496160202e-06 5.953335979292995e-06   
197 2364 0.0006839951329498136 1.8959809186879546 1.2692750190250825e-06 1.2692750190250825e-06 3.088193034081981e-06 5.13131663114243e-06   
198 2376 0.0006346779944679492 1.901714391499881 1.2692750190250825e-06 1.4817979100221624e-06 2.7609130185255205e-06 3.4722923713967826e-06   
199 2388 0.0006002951878320528 1.8731916484365163 5.787909793291367e-07 5.7879097932913674e-07 2.177240206743405e-06 3.957743046774694e-06   
200 2400 0.0005550143809318376 1.8844058063214943 5.787909793291367e-07 8.7309065966879228e-07 1.7026639611275456e-06 2.3078477682410815e-06   
201 2412 0.0005371740614007511 1.8954054720020082 5.787909793291367e-07 9.8343940655342294e-07 1.7445068499040903e-06 2.6254180512324502e-06   
202 2424 0.000509274541166762 1.8964741290317428 5.787909793291367e-07 1.1861690079070775e-06 1.886132262514396e-06 2.7310042359537913e-06   
203 2436 0.0004796569274898576 1.8879139312530375 5.787909793291367e-07 1.0323971279139201e-06 1.9230476432350167e-06 2.116065866958507e-06   
204 2448 0.0004623444975562843 1.9120176431386129 5.787909793291367e-07 8.9196521982577002e-07 1.511523529181918e-06 2.968513544008575e-06   
205 2460 0.00044706488767781363 1.8979152786647668 5.787909793291367e-07 1.1954957621999062e-06 1.6859524679399403e-06 2.2838355936467913e-06   
206 2472 0.0004203609951026092 1.924226783180683 5.787909793291367e-07 6.9343131748946783e-07 1.6528477448626097e-06 2.0634383064171835e-06   
207 2484 0.00039481639830972465 1.944121290221736 5.787909793291367e-07 6.0089354639588555e-07 1.115113250600158e-06 1.4558344152850979e-06   
208 2496 0.00037841924576414684 1.9460633919702162 5.147835298785133e-07 5.1478352987851335e-07 9.117989792094972e-07 1.3267412988886358e-06   
209 2508 0.000369865366546499 1.9478771815251705 2.4088962933336047e-07 2.4088962933336047e-07 6.768658992815468e-07 1.3562349688039218e-06   
210 2520 0.00033724049534947334 1.9373308917497423 2.4088962933336047e-07 3.9222706127341836e-07 6.455403941346123e-07 1.1597216479801911e-06   
211 2532 0.0003068428582259118 1.965310464260606 2.4088962933336047e-07 2.6926793599343026e-07 5.683106111591669e-07 1.3290071296359596e-06   
212 2544 0.00028279417386054093 1.9628144533674052 2.4088962933336047e-07 2.7015197279592205e-07 6.65680603313542e-07 9.96467578570144e-07   
213 2556 0.00026889225547706074 1.9356426510705673 2.3828862557093013e-07 2.3828862557093013e-07 3.7518169284005456e-07 7.491827341487666e-07   
214 2568 0.00025665111167100306 1.9635140217427627 1.3672243535128586e-07 1.3672243535128586e-07 3.2949887804004283e-07 5.371333897229075e-07   
215 2580 0.00023527334552786924 2.0030930328577536 1.3672243535128586e-07 1.7373501651977530e-07 2.6624741214586905e-07 5.081580149339756e-07   
216 2592 0.00022395963453563218 1.9978250145668892 1.3672243535128586e-07 1.8914816672271317e-07 2.574390265655543e-07 4.4893605009090735e-07   
217 2604 0.0002186328039697472 1.9834958942116951 1.1918912879964017e-07 1.1918912879964017e-07 2.2433358565660698e-07 4.095056239486575e-07   
218 2616 0.0002036486304386925 2.0066130720130495 9.770749337174522e-08 9.7707493371745215e-08 2.2058937475013616e-07 3.0989638216253074e-07   
219 2628 0.000196821929332978 2.0251003036456208 9.770749337174522e-08 1.1481966956527230e-07 2.174793964678921e-07 2.827351816539087e-07   
220 2640 0.00018739854133305358 2.044685508542089 9.770749337174522e-08 1.2434414973317698e-07 1.7868948999612657e-07 2.3780718345515502e-07   
221 2652 0.00017197737665598816 2.084269170857856 7.127333219361775e-08 7.1273332193617748e-08 1.9823743276656602e-07 2.86874049405309e-07   
222 2664 0.00016373832133659362 2.0224523372488123 6.995825711387609e-08 6.9958257113876091e-08 1.2337968500648836e-07 1.9443535463066176e-07   
223 2676 0.0001525742209643843 1.988314121696237 5.933643956890149e-08 5.9336439568901487e-08 1.1965473648007659e-07 1.7695818909077187e-07   
224 2688 0.00014265120966865986 1.9539392144267036 5.820724445013588e-08 5.8207244450135878e-08 1.0649954143262185e-07 1.5962951968387774e-07   
225 2700 0.00013957180672628943 1.9943606725144207 5.820724445013588e-08 6.8846572173910466e-08 1.0612144308590241e-07 1.7446938115914688e-07   
226 2712 0.0001353136699695369 2.00466889998628 3.9549974692761154e-08 3.9549974692761154e-08 7.845808874803482e-08 1.5683220199276716e-07   
227 2724 0.0001289794377297468 2.0211932436121933 3.9549974692761154e-08 4.2163575007033867e-08 5.967153365886039e-08 1.231795288376202e-07   
228 2736 0.00012253975261917953 1.972315990651966 3.9549974692761154e-08 6.4027826787841067e-08 8.066532146830971e-08 1.296511608466885e-07   
229 2748 0.00011491704326523188 1.9622955099449226 3.476494808631455e-08 3.4764948086314547e-08 6.251941245843317e-08 9.040969101742486e-08   
230 2760 0.00010831613051898814 2.04723934199867 2.1914309835704516e-08 2.1914309835704516e-08 6.463095599592452e-08 1.265912672874117e-07   
231 2772 0.00010188368207552907 2.066876849683325 2.1914309835704516e-08 2.4283913400344418e-08 4.201107216588104e-08 6.37770284849645e-08   
232 2784 9.635247300889524e-05 2.0357266202315603 2.1914309835704516e-08 2.2992978847867231e-08 4.6209922473472276e-08 6.950035884920078e-08   
233 2796 8.901821101589763e-05 2.0267948590544305 1.514503007415484e-08 1.5145030074154840e-08 4.7979069386780543e-08 6.671582290952721e-08   
234 2808 8.317491637753649e-05 2.0145516282217875 1.514503007415484e-08 1.9424645844800456e-08 3.608001402651679e-08 5.032112706291141e-08   
235 2820 7.794266530594335e-05 1.9961695553400405 1.514503007415484e-08 2.4725360657686892e-08 3.028421651979431e-08 3.528764293562508e-08   
236 2832 7.3243228869224e-05 2.003662044229581 1.514503007415484e-08 1.7127523188553527e-08 3.364653799653456e-08 5.252309259243347e-08   
237 2844 7.004630331863564e-05 2.0202341249647184 1.514503007415484e-08 1.7860297668254806e-08 2.474243246505336e-08 3.44582518023975e-08   
238 2856 6.595852650821349e-05 2.005571633363649 1.514503007415484e-08 1.5434055696119279e-08 2.776785166597844e-08 3.9358232332407904e-08   
239 2868 6.300307452791252e-05 2.033671802423363 1.514503007415484e-08 1.8395260432233528e-08 2.7582851952931132e-08 3.498519016176247e-08   
240 2880 5.875239698736515e-05 2.0422401382639155 1.2551571584187519e-08 1.2551571584187519e-08 2.3177147815189445e-08 3.1317453247498624e-08   
241 2892 5.4679781367616865e-05 2.0565182782754903 1.1531497827284e-08 1.1531497827284001e-08 1.8685311945979708e-08 2.952341312587027e-08   
242 2904 5.142310254325e-05 2.053489986442341 1.1531497827284e-08 1.2280899937761148e-08 1.5609669458585156e-08 2.8744911184259132e-08   
243 2916 4.79559381242239e-05 2.0645333510376327 9.168093245444963e-09 9.1680932454449634e-09 1.357223209653641e-08 2.0077815470552402e-08   
244 2928 4.699948828624312e-05 2.020567327800073 7.444981925062093e-09 7.4449819250620934e-09 1.3969846598702019e-08 1.8264264788250547e-08   
245 2940 4.668330214224492e-05 1.977254019706578 5.701863071910446e-09 5.7018630719104458e-09 1.0405769420929175e-08 1.9083443656436292e-08   
246 2952 4.427799909880525e-05 1.9489561894869365 3.0252714245814676e-09 3.0252714245814676e-09 9.721578555824016e-09 1.3361863255224264e-08   
247 2964 4.3641312357579334e-05 1.9656893194979834 2.9567510801477642e-09 2.9567510801477642e-09 5.653008568085291e-09 9.054608373774158e-09   
248 2976 4.270882427172181e-05 1.9429095872300188 2.9567510801477642e-09 3.0655997887261757e-09 6.934007963852577e-09 1.095070327077071e-08   
249 2988 4.1056122446175955e-05 1.9571792575618874 2.674320864999887e-09 2.6743208649998870e-09 5.284290252554913e-09 9.33470743704308e-09   
250 3000 3.903391074350788e-05 1.951359884256847 2.674320864999887e-09 3.3907829283917369e-09 5.4735141899602845e-09 7.690493220100613e-09   
251 3012 3.715093605148159e-05 1.95279208705169 2.336234235076264e-09 2.3362342350762638e-09 6.7190125409434215e-09 9.499673386228484e-09   
252 3024 3.4145565506955526e-05 1.954144206157074 2.336234235076264e-09 2.7107445071406481e-09 5.845754129542237e-09 9.697742387347527e-09   
253 3036 3.168102982170191e-05 1.926553713071108 1.3862791681473623e-09 1.3862791681473623e-09 3.758244616540718e-09 7.685082874972538e-09   
254 3048 2.9871901792879922e-05 1.9303757680079106 1.3862791681473623e-09 2.1741815891433865e-09 3.367514163824789e-09 5.134715461803287e-09   
255 3060 2.8226874140399964e-05 1.9296316860497575 1.3628953472114797e-09 1.3628953472114797e-09 2.664037466780478e-09 3.463634161573642e-09   
256 3072 2.5621518605860974e-05 1.9054379770909806 1.3628953472114797e-09 1.5521228036896220e-09 2.705481837106907e-09 4.6674927805841756e-09   
257 3084 2.3609188173100254e-05 1.8589690701636212 1.3628953472114797e-09 1.5512268344563346e-09 2.3017093407084284e-09 4.0155066468489755e-09   
258 3096 2.147295985091433e-05 1.8546205360256491 1.3628953472114797e-09 1.6931610452680536e-09 2.4666054333147093e-09 3.281315403877254e-09   
259 3108 1.9899275307142864e-05 1.8714785343733802 1.2990264856574865e-09 1.2990264856574865e-09 1.894954895009876e-09 2.6291309243813904e-09   
260 3120 1.921359819221395e-05 1.8705974669940753 9.62268245011646e-10 9.6226824501164605e-10 1.5848597178286813e-09 2.5488089405618784e-09   
261 3132 1.77050538421207e-05 1.8730916226406333 9.62268245011646e-10 1.0516865921381360e-09 1.5971440526183606e-09 2.6560960243981077e-09   
262 3144 1.6205363425100037e-05 1.8949953607044634 6.299679999978196e-10 6.2996799999781958e-10 1.375800366474462e-09 2.229382926997616e-09   
263 3156 1.5765710682873003e-05 1.9162224417688467 6.299679999978196e-10 6.8221768508606212e-10 1.0184426566949917e-09 1.944458686273912e-09   
264 3168 1.5233815314356186e-05 1.9402752777270922 5.634340956386096e-10 5.6343409563860962e-10 1.1035624478887902e-09 1.6935786452621082e-09   
265 3180 1.3696748894600239e-05 1.9955396376459251 4.761571667576345e-10 4.7615716675763454e-10 7.535809949327068e-10 1.2194156249354228e-09   
266 3192 1.3004660774468251e-05 2.0018089587380876 4.591664667280833e-10 4.5916646672808328e-10 7.745718222028029e-10 1.0004491327041248e-09   
267 3204 1.2480511457277979e-05 2.008937924509613 2.206636286819916e-10 2.2066362868199159e-10 7.380801029561254e-10 8.992222099644418e-10   
268 3216 1.2315968507751636e-05 2.0092218975062996 2.206636286819916e-10 2.4318191281384026e-10 6.324876233017306e-10 1.1686693009996373e-09   
269 3228 1.1539796081015825e-05 1.9908930566673946 2.206636286819916e-10 2.3041268965035192e-10 5.966852376099399e-10 8.962479252084752e-10   
270 3240 1.0925317328705802e-05 2.002744720025301 2.206636286819916e-10 2.5304229957850174e-10 4.480696802202082e-10 5.396807473826273e-10   
271 3252 1.0213994560136777e-05 1.9597213680479189 2.206636286819916e-10 2.7015053779257772e-10 3.5699238207175514e-10 6.621001804767325e-10   
272 3264 9.499687453849472e-06 1.9623937078391491 1.8591966558710966e-10 1.8591966558710966e-10 2.9457683976884186e-10 3.799110481735052e-10   
273 3276 9.073815063091417e-06 1.9624660896401147 1.1203620811666982e-10 1.1203620811666982e-10 2.60412129429594e-10 6.25321177456463e-10   
274 3288 8.566271520971225e-06 1.9275424533864136 1.1203620811666982e-10 1.6921486026883987e-10 2.1809406736357066e-10 4.0529700789160834e-10   
275 3300 8.139753808519012e-06 1.948309260662336 1.1203620811666982e-10 1.5440213859717620e-10 2.2622357914153332e-10 4.1274897431171985e-10   
276 3312 7.788723608770794e-06 1.9524955319911728 1.010698783553637e-10 1.0106987835536371e-10 1.547897614002886e-10 2.474066283611542e-10   
277 3324 7.471609420150645e-06 1.94676252968206 9.590575123409349e-11 9.5905751234093488e-11 1.9651636847421513e-10 3.415084071568431e-10   
278 3336 6.969095063217447e-06 1.939873118793831 8.555638182865709e-11 8.5556381828657089e-11 1.510199581061523e-10 2.7880049865047144e-10   
279 3348 6.7038994784309885e-06 1.9414143540142021 8.555638182865709e-11 1.0214480034052617e-10 1.7117260688610785e-10 2.3608816760192056e-10   
280 3360 6.410538090148303e-06 1.9411049645325453 8.555638182865709e-11 1.0163733227352717e-10 1.4975649066010803e-10 2.3563440007851164e-10   
281 3372 6.048285336989933e-06 1.97413559054611 8.555638182865709e-11 9.4704052806516044e-11 1.7544324436557715e-10 2.507162096412924e-10   
282 3384 5.705580601826378e-06 1.9767229501410943 7.581056641706476e-11 7.5810566417064760e-11 1.5929918121891107e-10 2.6850304405900887e-10   
283 3396 5.244123800432228e-06 1.9804404480196405 7.318018176600962e-11 7.3180181766009618e-11 1.4977100316409754e-10 1.7148470635910863e-10   
284 3408 4.8530469269439345e-06 1.9904655481654336 5.4558507506716304e-11 5.4558507506716304e-11 8.820987015814981e-11 1.6753447341722975e-10   
285 3420 4.7453140135021466e-06 1.964754161703954 5.4558507506716304e-11 6.5808833224706103e-11 1.0616808406450702e-10 1.5382808273242107e-10   
286 3432 4.8115653503167095e-06 1.9762046357035497 3.9815545178395534e-11 3.9815545178395534e-11 9.977078581290836e-11 1.3441616026552352e-10   
287 3444 4.668291116204358e-06 1.9705865044422655 3.3226192684147375e-11 3.3226192684147375e-11 6.247479859963546e-11 1.3585967757108784e-10   
288 3456 4.522922997924625e-06 1.973068435832808 3.3226192684147375e-11 4.0006438363275822e-11 5.960143955698312e-11 1.0897500657884804e-10   
289 3468 4.400606812520746e-06 1.9948374978992183 3.3226192684147375e-11 3.3296014028815099e-11 5.063136665604806e-11 7.976868449844406e-11   
290 3480 4.3778905639381676e-06 2.023525528336589 2.8931516160719823e-11 2.8931516160719823e-11 6.388147686267658e-11 9.455449911798827e-11   
291 3492 4.153817673606102e-06 2.0204183685622805 2.8931516160719823e-11 2.9136736923130422e-11 5.638392867976782e-11 8.994012600151708e-11   
292 3504 3.801393208477361e-06 2.0135778735945893 2.7544395903702477e-11 2.7544395903702477e-11 5.202264330990478e-11 9.880752918204801e-11   
293 3516 3.5439815954304373e-06 2.019680475329638 2.3191724337157027e-11 2.3191724337157027e-11 4.4167078933367954e-11 9.248291510846856e-11   
294 3528 3.337586567177023e-06 2.024563233566322 2.0687961929099973e-11 2.0687961929099973e-11 3.687252673944085e-11 4.8997107530775274e-11   
295 3540 3.209450850947488e-06 1.9947924816434015 2.0687961929099973e-11 2.0722305915716313e-11 3.596095317777552e-11 6.112474111491349e-11   
296 3552 2.891926830609106e-06 2.01929644365621 1.3530768426119793e-11 1.3530768426119793e-11 3.1708344107166334e-11 4.40000987855733e-11   
297 3564 2.6402690200984856e-06 2.014415649262527 1.3530768426119793e-11 1.8124143793921927e-11 2.7749259106836166e-11 3.65502158257422e-11   
298 3576 2.442445868892284e-06 2.001967667246184 1.3530768426119793e-11 1.4616427694910151e-11 2.4246299217968553e-11 3.5445218514111e-11   
299 3588 2.286756914871411e-06 1.96765539244351 1.2084352844194272e-11 1.2084352844194272e-11 1.8831076290369103e-11 3.2040326981218775e-11   
300 3600 2.2296454925844304e-06 1.9752687901225143 8.693819074996953e-12 8.6938190749969527e-12 1.7000735568623738e-11 2.4793546403477126e-11   
301 3612 2.158447605992592e-06 1.982659974735673 8.693819074996953e-12 9.0636991508450540e-12 1.622680004380311e-11 2.950949898329262e-11   
302 3624 2.1829129149079354e-06 2.0240135585669083 5.989003693794832e-12 5.9890036937948321e-12 1.3007307785881247e-11 1.9271607591840706e-11   
303 3636 2.2223050039315367e-06 2.0011116460779848 5.16164828599234e-12 5.1616482859923399e-12 1.1286428881275184e-11 2.0113823107980166e-11   
304 3648 2.141387560145443e-06 1.9805847787101547 3.130429835906318e-12 3.1304298359063181e-12 1.2168860976406298e-11 2.049856542539379e-11   
305 3660 2.135322484518901e-06 1.8960276226910624 3.130429835906318e-12 5.2889450703825417e-12 1.2079568126954094e-11 2.0144666785372843e-11   
306 3672 2.089623531828353e-06 1.8981559667609103 3.130429835906318e-12 4.5565786401563964e-12 9.719670669107061e-12 1.5475526600289478e-11   
307 3684 1.985082538134136e-06 1.8971308048064073 3.130429835906318e-12 4.2363326558027575e-12 7.667007477818157e-12 1.265880468607023e-11   
308 3696 1.8519940843020578e-06 1.9031894862520058 3.130429835906318e-12 4.9723984622942958e-12 8.129636230558206e-12 1.266519799302617e-11   
309 3708 1.8028279352387643e-06 1.8788904691392836 3.130429835906318e-12 6.5271779760884389e-12 8.631502315732442e-12 1.3288986995364493e-11   
310 3720 1.6334592957719184e-06 1.8629636621265184 3.130429835906318e-12 4.9698628082877439e-12 8.204829339806538e-12 1.5180688243979845e-11   
311 3732 1.4633791101146873e-06 1.8805353087293113 3.130429835906318e-12 3.3056341327236825e-12 6.568489072033627e-12 1.1611604257114872e-11   
312 3744 1.3542640292273432e-06 1.8485353031133864 3.0764137580700277e-12 3.0764137580700277e-12 6.122358489698669e-12 8.270590136738922e-12   
313 3756 1.290120834489337e-06 1.8417989711146827 3.0764137580700277e-12 3.0785801887465609e-12 4.569331591963404e-12 6.35223727761821e-12   
314 3768 1.1646822186938188e-06 1.8493033033345199 2.2076165510624637e-12 2.2076165510624637e-12 4.739349882776179e-12 6.591668183209548e-12   
315 3780 1.0941754835902917e-06 1.8388312772433433 2.2076165510624637e-12 2.4327812818931739e-12 4.5539778843316655e-12 6.282449714588302e-12   
316 3792 1.0304333779066113e-06 1.8497651974545308 1.984448249166566e-12 1.9844482491665661e-12 3.4358319960447736e-12 5.657939249798516e-12   
317 3804 9.821059000900105e-07 1.857749137285242 1.3633164290540088e-12 1.3633164290540088e-12 2.04449842957651e-12 4.6944021951998026e-12   
318 3816 9.238045859094753e-07 1.82656146853618 1.354966108107875e-12 1.3549661081078749e-12 2.0211988839144347e-12 4.156356503396895e-12   
319 3828 9.154677235846855e-07 1.8464414182184425 1.138738606534552e-12 1.1387386065345520e-12 1.9245646868357363e-12 3.49523585954149e-12   
320 3840 8.820821249657962e-07 1.854388232951492 1.138738606534552e-12 1.3864168766193475e-12 1.7580409425774636e-12 2.9821922490210062e-12   
321 3852 8.330099226032919e-07 1.863924488396207 9.133910738629779e-13 9.1339107386297787e-13 2.0680981722053447e-12 2.7930583553466334e-12   
322 3864 7.748386300849136e-07 1.8400610581675363 9.133910738629779e-13 9.6595821561767870e-13 1.7589233143406138e-12 2.818683439878126e-12   
323 3876 7.561621068900246e-07 1.844615968170292 7.320178257427488e-13 7.3201782574274882e-13 1.481524959137059e-12 2.113977012408304e-12   
324 3888 7.463293591903256e-07 1.8058048023524107 6.468204394210697e-13 6.4682043942106974e-13 1.1122753122862593e-12 1.839709150531067e-12   
325 3900 7.308882107222131e-07 1.7775343714878782 6.468204394210697e-13 8.1840910713929492e-13 1.4709661065741931e-12 2.1127568749528327e-12   
326 3912 7.126112457857809e-07 1.7815175838126545 6.265417528506557e-13 6.2654175285065571e-13 1.199958424593408e-12 1.825070575164094e-12   
327 3924 6.766248304400125e-07 1.8201595136846207 5.154058395836788e-13 5.1540583958367881e-13 1.0060216522517413e-12 2.1553457442445085e-12   
328 3936 6.144003838618269e-07 1.8254873052068594 3.913088233021224e-13 3.9130882330212238e-13 9.165498665525756e-13 1.2503394276652512e-12   
329 3948 5.826741131626163e-07 1.8036803853131123 2.9332689118043305e-13 2.9332689118043305e-13 6.837957750510308e-13 1.1197155571956854e-12   
330 3960 5.49633202454064e-07 1.8007927374416184 2.9332689118043305e-13 3.5378352800223345e-13 6.587011103397384e-13 1.233602790449774e-12   
331 3972 5.486601580474424e-07 1.790280533470316 2.7768225940244274e-13 2.7768225940244274e-13 5.156021988995619e-13 9.869865575258926e-13   
332 3984 5.406235032173695e-07 1.8034013250124636 2.439912471645312e-13 2.4399124716453120e-13 5.397020970472249e-13 1.060064851955206e-12   
333 3996 5.225054792492127e-07 1.8470213756564056 2.439912471645312e-13 3.1339661250411795e-13 6.083649274669845e-13 9.0500673357606e-13   
334 4008 4.795104824074282e-07 1.8543888402676474 1.8749935271584477e-13 1.8749935271584477e-13 4.784132600340794e-13 7.598601963847039e-13   
335 4020 4.3228722308480393e-07 1.8705842159421935 1.6092775182065479e-13 1.6092775182065479e-13 3.9248110510387426e-13 8.029900300108009e-13   
336 4032 3.930856416263954e-07 1.8508635032907654 1.6092775182065479e-13 1.9559588186426682e-13 2.6432974498011143e-13 5.441697568125481e-13   
337 4044 3.8092567893060006e-07 1.8639865774827535 1.6092775182065479e-13 1.9864437443517499e-13 3.009574431758023e-13 5.139404988332215e-13   
338 4056 3.5712832784245425e-07 1.8431855638927357 1.6092775182065479e-13 1.7285510140163521e-13 2.7899731699730833e-13 3.9085177704197053e-13   
339 4068 3.2486148177096376e-07 1.8487442697826277 1.2282969175822983e-13 1.2282969175822983e-13 2.1436269866728564e-13 3.33593120307316e-13   
340 4080 2.952388781610719e-07 1.8362222854374282 1.2282969175822983e-13 1.3581069119604949e-13 2.236548376647286e-13 3.473290759241897e-13   
341 4092 2.7878949901517037e-07 1.814117203616983 1.1230942283355006e-13 1.1230942283355006e-13 1.6255677672442565e-13 2.761300388015709e-13   
342 4104 2.5931449746445084e-07 1.8611227184366892 6.835949572644024e-14 6.8359495726440242e-14 1.4263601880749275e-13 3.0113454173943574e-13   
343 4116 2.436567226995894e-07 1.8394100609372115 6.835949572644024e-14 7.9359522627639054e-14 1.1787652823925557e-13 1.6902945628453416e-13   
344 4128 2.270593473377186e-07 1.8173086411875454 6.835949572644024e-14 8.2478778266200732e-14 1.2744768034835021e-13 1.794163988115201e-13   
345 4140 2.049501391880986e-07 1.827805555450207 5.433677426375803e-14 5.4336774263758028e-14 1.0687768305035261e-13 1.7371307343494935e-13   
346 4152 1.96013454725563e-07 1.8052940467135858 4.847267379727333e-14 4.8472673797273330e-14 8.978990552604055e-14 1.463888434929247e-13   
347 4164 1.8934781252724676e-07 1.8007424648100634 3.7977193187116134e-14 3.7977193187116134e-14 7.2251539526132e-14 1.2464812267568867e-13   
348 4176 1.8829810413206696e-07 1.7714524046991607 3.7977193187116134e-14 4.1619585359703782e-14 7.170333589327177e-14 1.0199656396411423e-13   
349 4188 1.8714740247951957e-07 1.7841173469237175 3.7977193187116134e-14 4.1609764643215438e-14 5.703683440161952e-14 9.539052332242256e-14   
